	ERR1414009	ERR024924	ERR024916	ERR1413996	ERR1413978	SRR1922795	ERR1414100	ERR1414012	ERR1414018	ERR1414058	SRR1922792	ERR1414031	ERR1414082	ERR1414001	ERR1414016	ERR1414095	ERR1414040	ERR1414027	ERR024903	ERR1414007	ERR1414050	ERR1414065	ERR1414039	ERR024923	ERR024904	ERR028208	ERR1414035	ERR1414033	SRR1922797	SRR1922796	ERR024901	ERR024907	ERR1414060	ERR1413989	ERR1414055	ERR1414048	ERR1413981	ERR024894	ERR1414091	ERR024928	ERR1414084	ERR1414032	ERR1414019	ERR1414067	ERR1414099	ERR1414047	ERR1413982	ERR1413987	ERR1414083	ERR1414028	ERR1414074	ERR1414092	ERR027411	ERR1414010	ERR024920	ERR1414059	ERR1414057	ERR1413984	ERR1414079	ERR024910	ERR1414075	ERR1413980	ERR1414006	ERR1414087	ERR1414086	ERR1414014	ERR1414005	ERR1414004	ERR1414015	ERR1414044	ERR1414071	ERR1414093	ERR1414011	SRR1922793	ERR1414049	ERR1414064	ERR1414076	ERR024929	ERR1413994	ERR1414043	ERR1414077	ERR024914	ERR1414101	ERR1414042	ERR1414017	ERR024921	ERR1414024	ERR1414056	ERR1414072	ERR1414013	ERR024902	ERR1414052	ERR1413983	ERR1414022	ERR1414003	ERR027412	ERR1414026	ERR1414089	ERR1413988	ERR1413993	ERR1414023	ERR1414053	ERR1414070	ERR1414025	ERR024927	ERR024925	ERR1414020	ERR024911	ERR1413991	ERR024915	ERR1413998	ERR1414034	ERR1414085	ERR1414078	ERR1414098	ERR1414045	ERR1414061	ERR1414062	ERR1414036	SRR1922794	ERR024893	ERR1414068	ERR1414094	ERR1414069	ERR1414080	ERR1414002	ERR024908	ERR1414021	ERR1413985	ERR1414037	ERR1414041	ERR1414081	ERR024917	ERR1413990	ERR1413999	ERR1414030	ERR1413992	ERR1414097	ERR1414073	ERR1414090	ERR1414096	ERR024895	ERR1414008	ERR1414051	ERR1414066	ERR1413997	ERR1413995	ERR1414046	ERR1414054	ERR1414063	ERR024930	ERR1414038	ERR024926	ERR1413976	ERR1413979	ERR1413977	ERR1414088	ERR1414029	ERR1414000	ERR1413986
ERR1414009	0	1115	1013	1006	580	266	63	1	3	2	996	2	2	839	3	7	3	3	1083	1	2	2	2	1001	1535	1047	3	3	1001	988	1507	1087	5	1007	90	5	1010	1107	579	1111	2	3	2	3	67	2	1102	1010	38	1	4	1008	1127	4	1094	5	2	1106	6	1084	2	34	2	8	3	3	42	1002	36	3	6	842	1	996	1	840	7	864	38	3	5	31	67	36	1	1130	3	5	5	0	1109	3	579	3	1003	1259	3	4	840	579	2	2	4	3	999	851	4	587	1103	1531	1008	1	3	6	842	2	5	5	2	988	1473	5	5	6	4	841	1087	3	1008	37	1	5	1146	1008	1008	4	1103	24	3	579	986	1518	36	1	3	1007	34	2	3	1	1009	4	1000	4	836	579	7	0	835	1008
ERR024924	1115	0	1043	1044	1112	1097	1126	1115	1115	1116	1079	1115	1115	1094	1114	1116	1115	1114	1083	1115	1114	1114	1114	1101	1526	1279	1115	1114	1081	1071	1494	1121	1116	1047	1126	1115	1042	80	1109	100	1114	1114	1115	1114	1129	1114	89	1044	1119	1115	1116	1045	1103	1115	1069	1115	1114	127	1115	1091	1116	1118	1115	1116	1115	1114	1120	1098	1119	1114	1115	1094	1115	1076	1115	1096	1115	1095	1118	1115	1114	1115	1128	1120	1115	1137	1116	1114	1117	1115	92	1114	1108	1116	1042	1228	1116	1116	1097	1108	1114	1116	1114	1114	1096	1094	1115	1110	91	1519	1044	1115	1115	1117	1098	1114	1116	1116	1114	1072	1471	1117	1117	1117	1116	1096	1099	1115	1044	1121	1115	1116	1151	1046	1047	1115	89	1120	1114	1108	1075	1514	1119	1115	1114	1044	1118	1116	1116	1115	1042	1116	1097	1116	1098	1114	1115	1115	1097	1045
ERR024916	1013	1043	0	25	1008	956	1022	1013	1013	1014	981	1013	1012	862	1011	1013	1012	1011	1032	1012	1011	1011	1011	997	1534	1277	1012	1011	982	959	1510	1036	1013	25	1030	1012	106	1031	1008	1036	1012	1011	1011	1011	1025	1011	1033	107	1014	1012	1013	108	1042	1012	1041	1011	1011	1037	1013	1031	1014	1015	1012	1014	1013	1010	1015	1000	1014	1010	1013	863	1013	978	1012	865	1012	882	1013	1012	1013	1011	1023	1016	1012	1058	1013	1011	1013	1013	1035	1011	1007	1012	61	1224	1013	1013	867	1006	1011	1013	1011	1010	995	871	1012	1010	1035	1528	27	1013	1013	1013	867	1011	1011	1013	1011	961	1473	1014	1014	1015	1012	865	1025	1012	106	1016	1012	1012	1100	26	25	1010	1032	1016	1011	1009	965	1515	1014	1012	1010	23	1014	1013	1013	1012	41	1013	996	1013	866	1012	1013	1013	863	107
ERR1413996	1006	1044	25	0	1001	950	1015	1006	1006	1007	973	1006	1005	855	1004	1006	1005	1004	1031	1005	1004	1004	1004	993	1534	1277	1005	1004	976	953	1510	1032	1006	6	1023	1005	98	1030	1001	1035	1005	1004	1006	1004	1018	1004	1029	98	1007	1005	1006	99	1041	1005	1039	1006	1004	1033	1006	1029	1007	1008	1005	1007	1006	1005	1008	993	1007	1005	1006	856	1006	970	1005	858	1005	880	1007	1005	1006	1008	1016	1009	1005	1058	1006	1006	1006	1006	1033	1004	1001	1007	50	1226	1006	1006	861	999	1004	1006	1004	1005	991	869	1005	1005	1030	1529	10	1006	1006	1006	860	1004	1006	1006	1004	953	1473	1007	1009	1008	1007	858	1023	1005	97	1009	1005	1005	1097	9	8	1005	1027	1009	1004	1002	956	1515	1007	1005	1005	6	1007	1006	1006	1005	35	1006	992	1006	859	1005	1006	1006	856	99
ERR1413978	580	1112	1008	1001	0	619	601	580	580	579	1000	578	580	822	578	582	581	579	1099	579	578	578	578	1006	1536	1159	580	578	1005	993	1506	1090	579	1002	624	578	1006	1103	21	1109	579	578	580	578	598	578	1100	1006	582	579	581	1008	1123	577	1101	578	578	1101	579	1097	580	581	579	580	580	579	584	1004	581	579	581	827	581	999	579	827	579	856	586	577	580	582	602	583	579	1129	579	580	580	580	1104	578	16	581	1001	1259	579	579	831	17	578	578	578	579	1004	841	578	57	1099	1531	1003	581	581	579	831	578	581	580	578	991	1476	580	581	581	579	826	1083	579	1006	581	579	581	1154	1001	1004	580	1098	589	578	19	993	1521	581	579	579	1002	584	578	579	579	1002	580	1005	579	823	6	578	580	821	1008
SRR1922795	266	1097	956	950	619	0	298	267	267	268	997	266	266	726	265	271	267	265	1069	265	264	264	264	994	1535	1045	267	265	999	987	1506	1073	269	953	333	265	955	1088	616	1094	265	265	266	265	303	264	1087	955	277	265	268	958	1103	266	1079	267	264	1092	268	1066	267	273	266	270	269	265	281	993	275	265	270	727	267	995	265	729	268	757	277	265	268	273	303	277	265	1113	265	267	268	266	1091	265	615	267	950	1260	265	268	732	616	264	266	264	265	992	738	266	623	1085	1528	953	266	268	269	735	264	269	269	264	987	1473	270	269	270	267	727	1066	267	955	278	265	267	1131	952	954	266	1085	284	264	617	989	1518	275	265	265	951	276	266	267	265	953	266	992	268	727	622	268	266	724	957
ERR1414100	63	1126	1022	1015	601	298	0	62	64	61	1001	63	63	856	64	56	62	64	1094	64	65	65	65	1013	1535	1025	62	64	1009	998	1506	1099	60	1014	124	62	1016	1118	598	1121	63	64	65	64	48	65	1112	1014	47	64	63	1013	1138	63	1102	64	65	1116	59	1095	61	47	63	59	62	66	45	1013	51	66	57	859	62	1006	64	853	60	880	34	64	62	75	46	51	64	1138	62	66	62	63	1120	64	600	66	1010	1250	62	61	850	598	65	63	64	66	1011	869	63	607	1114	1531	1016	62	60	59	848	65	62	62	65	996	1474	58	66	57	63	852	1095	62	1014	48	64	60	1155	1015	1016	65	1113	51	64	598	991	1518	51	64	66	1015	32	63	62	64	1018	61	1012	61	847	601	62	63	852	1013
ERR1414012	1	1115	1013	1006	580	267	62	0	4	3	996	3	3	839	4	8	4	4	1084	2	3	3	3	1001	1535	1046	4	4	1001	988	1506	1088	4	1007	89	4	1010	1107	579	1111	3	4	3	4	66	3	1102	1010	37	2	5	1008	1126	3	1094	6	3	1106	7	1085	3	35	3	9	4	4	41	1002	37	4	5	842	2	996	2	840	8	864	39	4	6	32	66	37	2	1131	4	6	6	1	1109	4	579	4	1003	1258	4	3	840	579	3	3	5	4	999	851	5	587	1103	1531	1008	2	2	5	842	3	4	6	3	988	1473	4	6	7	5	841	1087	2	1008	38	2	6	1147	1008	1008	5	1103	23	4	579	986	1518	37	2	4	1007	35	3	4	2	1009	5	1000	5	836	579	8	1	835	1008
ERR1414018	3	1115	1013	1006	580	267	64	4	0	5	996	5	3	839	2	10	4	4	1083	2	3	3	3	1001	1535	1046	2	2	1003	988	1508	1085	6	1007	89	6	1010	1107	578	1111	5	4	3	4	68	3	1103	1010	39	2	3	1010	1126	5	1094	6	3	1106	9	1084	5	35	3	7	6	4	41	1002	37	4	7	842	4	996	2	842	8	864	39	4	6	32	66	35	2	1130	4	4	6	3	1109	2	579	4	1005	1258	4	5	842	579	3	3	5	4	999	851	5	587	1103	1531	1008	4	6	7	844	3	4	4	3	988	1473	8	4	9	5	843	1087	2	1008	38	2	6	1146	1008	1008	5	1103	25	4	581	988	1518	37	2	4	1007	33	3	4	2	1009	5	1000	5	838	579	6	3	835	1010
ERR1414058	2	1116	1014	1007	579	268	61	3	5	0	995	2	4	840	5	7	5	5	1083	3	4	4	4	1002	1535	1045	5	5	1000	989	1507	1088	3	1006	88	5	1009	1108	578	1111	4	5	4	3	67	4	1103	1009	38	3	6	1007	1128	4	1094	3	4	1107	6	1084	2	36	2	8	3	5	42	1003	38	5	6	843	3	997	3	839	5	865	40	3	5	33	67	38	3	1130	3	5	5	2	1110	5	579	5	1004	1259	3	4	841	578	4	2	6	5	1000	852	4	587	1104	1531	1009	3	5	4	841	4	7	5	4	987	1473	5	5	6	4	840	1087	5	1007	35	3	7	1146	1007	1008	6	1104	22	5	578	985	1518	38	3	5	1008	36	2	3	3	1010	4	1001	2	835	579	7	2	836	1007
SRR1922792	996	1079	981	973	1000	997	1001	996	996	995	0	994	998	1004	996	997	998	996	1058	997	996	996	996	996	1534	1272	998	996	300	160	1501	1071	996	974	1011	995	973	1068	999	1068	995	995	998	996	1004	996	1064	972	997	997	998	973	1082	995	1045	996	996	1071	995	1043	995	998	997	995	996	997	999	996	997	997	997	1002	997	11	997	999	995	1023	1000	995	994	1001	1001	997	997	1079	996	996	995	996	1069	996	999	999	969	1217	996	997	1011	996	996	996	996	997	989	1017	995	1009	1063	1528	973	996	997	997	999	996	999	997	996	160	1459	993	997	994	997	999	1028	997	976	997	997	997	1127	972	977	998	1063	996	996	996	165	1515	997	997	997	974	999	996	996	997	975	996	993	996	1003	1005	993	996	1006	973
ERR1414031	2	1115	1013	1006	578	266	63	3	5	2	994	0	4	839	3	9	5	3	1082	3	2	2	2	1001	1535	1047	5	3	999	988	1507	1087	5	1007	90	3	1008	1107	580	1110	2	3	4	3	67	2	1104	1008	38	3	6	1008	1127	2	1093	3	2	1108	4	1083	2	34	4	8	5	3	44	1002	36	3	8	842	3	996	3	838	5	864	38	1	5	31	67	38	3	1129	3	5	5	2	1109	3	578	5	1005	1260	3	4	842	577	2	2	4	3	999	851	2	586	1103	1531	1008	3	5	6	842	2	7	5	2	986	1473	5	5	6	4	839	1086	5	1008	37	3	7	1145	1006	1009	4	1103	24	3	577	986	1518	36	3	3	1007	36	2	3	3	1009	4	1000	4	836	580	5	2	837	1008
ERR1414082	2	1115	1012	1005	580	266	63	3	3	4	998	4	0	839	3	7	1	3	1083	1	2	2	2	1000	1535	1047	1	3	1003	988	1507	1086	5	1006	90	5	1009	1107	579	1111	4	3	2	3	67	2	1103	1008	38	1	4	1009	1127	4	1094	5	2	1106	6	1084	4	34	2	6	5	3	42	1001	36	3	6	842	1	996	1	842	5	864	37	3	7	31	67	36	1	1130	3	5	5	2	1109	3	579	3	1003	1259	3	2	840	579	2	2	4	3	998	851	4	587	1103	1531	1006	3	3	6	842	2	5	3	2	988	1473	7	5	6	4	843	1087	3	1007	37	1	3	1146	1007	1007	4	1102	24	3	581	988	1518	36	1	3	1005	33	2	3	1	1008	4	999	4	838	579	7	2	835	1008
ERR1414001	839	1094	862	855	822	726	856	839	839	840	1004	839	839	0	837	842	840	838	1065	838	837	837	837	1007	1533	1201	839	837	1002	992	1499	1080	839	858	869	839	861	1090	822	1095	838	838	839	837	861	837	1085	862	840	838	839	865	1076	838	1068	839	837	1088	841	1062	840	840	838	843	840	838	842	1005	840	838	840	35	840	1000	838	37	840	151	843	838	840	841	860	842	838	1106	840	839	840	839	1090	837	821	840	861	1244	840	840	91	821	837	839	836	838	1002	116	839	828	1084	1527	858	839	840	839	42	837	839	841	837	992	1474	842	841	842	840	35	1040	838	863	842	838	840	1125	858	859	838	1083	852	837	823	995	1515	840	838	838	856	842	839	840	838	856	841	1005	840	85	826	841	839	81	864
ERR1414016	3	1114	1011	1004	578	265	64	4	2	5	996	3	3	837	0	10	4	2	1081	2	1	1	1	999	1535	1048	2	0	1001	986	1507	1085	6	1007	91	4	1008	1106	578	1110	3	2	3	2	68	1	1104	1008	37	2	3	1010	1124	3	1092	4	1	1107	7	1082	5	33	3	9	6	2	41	1000	35	2	7	840	4	994	2	840	6	862	37	2	6	30	68	37	2	1128	4	4	6	3	1108	0	577	4	1005	1260	4	5	842	577	1	3	3	2	997	849	3	585	1102	1531	1006	4	6	7	844	1	4	4	1	986	1473	8	6	9	5	841	1085	2	1008	38	2	6	1144	1006	1008	3	1102	25	2	579	988	1518	35	2	2	1005	33	3	4	2	1007	5	998	5	838	579	6	3	835	1010
ERR1414095	7	1116	1013	1006	582	271	56	8	10	7	997	9	7	842	10	0	8	10	1085	8	9	9	9	1002	1535	1040	8	10	1003	990	1507	1088	10	1007	89	12	1010	1108	580	1112	7	8	9	8	64	9	1103	1008	43	8	11	1006	1129	11	1096	10	9	1107	5	1086	9	41	7	5	6	10	45	1003	43	10	5	845	6	998	8	842	8	867	44	10	6	38	62	43	8	1132	10	10	12	7	1110	10	581	10	1001	1257	10	9	839	581	9	9	10	10	1000	854	11	589	1104	1531	1007	8	6	7	839	9	10	10	9	990	1473	8	12	7	9	844	1089	10	1007	42	8	6	1148	1008	1008	9	1103	17	8	580	987	1518	43	8	10	1006	40	9	10	8	1009	11	1001	9	838	581	8	7	838	1007
ERR1414040	3	1115	1012	1005	581	267	62	4	4	5	998	5	1	840	4	8	0	2	1083	2	3	3	3	1000	1535	1046	2	4	1002	988	1507	1086	6	1006	91	6	1008	1107	580	1111	5	4	3	4	66	3	1102	1008	39	2	5	1009	1127	5	1093	6	3	1106	7	1084	5	35	3	7	6	4	41	1001	37	4	7	843	2	996	2	843	6	865	38	4	8	32	66	37	2	1130	4	6	6	3	1109	4	580	4	1003	1259	4	3	839	580	3	3	5	4	998	852	3	588	1103	1531	1006	4	4	7	843	3	6	4	3	988	1473	8	6	7	5	844	1087	4	1007	38	2	4	1146	1007	1007	5	1102	23	4	582	988	1518	37	2	4	1005	34	3	2	2	1008	3	999	3	837	580	8	3	836	1007
ERR1414027	3	1114	1011	1004	579	265	64	4	4	5	996	3	3	838	2	10	2	0	1081	2	1	1	1	999	1535	1048	4	2	1000	986	1507	1085	6	1007	93	4	1007	1106	580	1110	3	2	3	2	68	1	1103	1008	37	2	5	1010	1125	3	1091	4	1	1107	7	1082	5	33	3	9	6	2	41	1000	35	2	9	841	4	994	2	841	6	863	37	2	6	30	68	37	2	1128	4	4	6	3	1108	2	578	4	1005	1261	4	5	841	578	1	3	3	2	997	850	1	586	1102	1531	1006	4	6	7	845	1	6	6	1	986	1473	8	6	9	5	842	1085	4	1008	38	2	6	1144	1006	1008	3	1102	25	2	580	988	1518	35	2	2	1005	35	3	2	2	1007	3	998	3	837	580	6	3	836	1009
ERR024903	1083	1083	1032	1031	1099	1069	1094	1084	1083	1083	1058	1082	1083	1065	1081	1085	1083	1081	0	1082	1081	1081	1081	1065	1532	1305	1083	1081	1055	1045	1500	894	1083	1033	1098	1082	1025	1081	1099	1081	1082	1081	1082	1081	1098	1081	1081	1025	1086	1082	1082	1027	928	1082	374	1081	1081	1083	1083	232	1083	1086	1082	1084	1083	1081	1087	1064	1085	1081	1085	1069	1084	1053	1082	1070	1082	1084	1086	1081	1083	1083	1095	1087	1082	839	1082	1082	1083	1083	1081	1081	1097	1082	1029	1163	1082	1084	1074	1097	1081	1082	1081	1081	1062	1080	1081	1103	1079	1520	1031	1083	1085	1084	1073	1081	1084	1083	1081	1045	1448	1085	1084	1085	1082	1069	840	1083	1027	1086	1082	1084	871	1030	1033	1082	1079	1086	1081	1099	1049	1512	1085	1082	1081	1030	1086	1082	1082	1082	1030	1082	1065	1082	1071	1103	1082	1083	1070	1026
ERR1414007	1	1115	1012	1005	579	265	64	2	2	3	997	3	1	838	2	8	2	2	1082	0	1	1	1	1000	1535	1048	2	2	1002	987	1507	1086	4	1006	91	4	1009	1107	578	1111	3	2	1	2	68	1	1103	1009	37	0	3	1009	1126	3	1093	4	1	1106	7	1083	3	33	1	7	4	2	41	1001	35	2	7	841	2	995	0	841	6	863	37	2	6	30	68	35	0	1129	2	4	4	1	1109	2	578	2	1004	1260	2	3	841	578	1	1	3	2	998	850	3	586	1103	1531	1007	2	4	5	843	1	4	4	1	987	1473	6	4	7	3	842	1086	2	1007	36	0	4	1145	1007	1007	3	1103	25	2	580	987	1518	35	0	2	1006	33	1	2	0	1008	3	999	3	837	578	6	1	834	1009
ERR1414050	2	1114	1011	1004	578	264	65	3	3	4	996	2	2	837	1	9	3	1	1081	1	0	0	0	999	1535	1049	3	1	1001	986	1507	1085	5	1007	92	3	1008	1106	579	1110	2	1	2	1	69	0	1104	1008	36	1	4	1010	1125	2	1092	3	0	1107	6	1082	4	32	2	8	5	1	42	1000	34	1	8	840	3	994	1	840	5	862	36	1	5	29	69	36	1	1128	3	3	5	2	1108	1	577	3	1005	1261	3	4	842	577	0	2	2	1	997	849	2	585	1102	1531	1006	3	5	6	844	0	5	5	0	986	1473	7	5	8	4	841	1085	3	1008	37	1	5	1144	1006	1008	2	1102	26	1	579	988	1518	34	1	1	1005	34	2	3	1	1007	4	998	4	838	579	5	2	835	1010
ERR1414065	2	1114	1011	1004	578	264	65	3	3	4	996	2	2	837	1	9	3	1	1081	1	0	0	0	999	1535	1049	3	1	1001	986	1507	1085	5	1007	92	3	1008	1106	579	1110	2	1	2	1	69	0	1104	1008	36	1	4	1010	1125	2	1092	3	0	1107	6	1082	4	32	2	8	5	1	42	1000	34	1	8	840	3	994	1	840	5	862	36	1	5	29	69	36	1	1128	3	3	5	2	1108	1	577	3	1005	1261	3	4	842	577	0	2	2	1	997	849	2	585	1102	1531	1006	3	5	6	844	0	5	5	0	986	1473	7	5	8	4	841	1085	3	1008	37	1	5	1144	1006	1008	2	1102	26	1	579	988	1518	34	1	1	1005	34	2	3	1	1007	4	998	4	838	579	5	2	835	1010
ERR1414039	2	1114	1011	1004	578	264	65	3	3	4	996	2	2	837	1	9	3	1	1081	1	0	0	0	999	1535	1049	3	1	1001	986	1507	1085	5	1007	92	3	1008	1106	579	1110	2	1	2	1	69	0	1104	1008	36	1	4	1010	1125	2	1092	3	0	1107	6	1082	4	32	2	8	5	1	42	1000	34	1	8	840	3	994	1	840	5	862	36	1	5	29	69	36	1	1128	3	3	5	2	1108	1	577	3	1005	1261	3	4	842	577	0	2	2	1	997	849	2	585	1102	1531	1006	3	5	6	844	0	5	5	0	986	1473	7	5	8	4	841	1085	3	1008	37	1	5	1144	1006	1008	2	1102	26	1	579	988	1518	34	1	1	1005	34	2	3	1	1007	4	998	4	838	579	5	2	835	1010
ERR024923	1001	1101	997	993	1006	994	1013	1001	1001	1002	996	1001	1000	1007	999	1002	1000	999	1065	1000	999	999	999	0	1533	1284	1000	999	1000	979	1499	1074	1001	996	1019	1000	995	1093	1004	1099	1000	999	1000	999	1016	999	1096	996	1004	1000	1002	999	1085	1000	1071	1000	999	1099	1001	1063	1002	1005	1000	1002	1002	999	1005	99	1004	999	1001	1008	1001	991	1000	1010	1000	1022	1003	1000	1001	1001	1015	1006	1000	1098	1001	1000	1001	1001	1095	999	1003	1001	995	1247	1001	1001	1010	1003	999	1001	999	999	81	1021	1000	1005	1094	1528	994	1001	1001	1002	1012	999	1001	1001	999	980	1471	1002	1003	1003	1001	1011	1056	1000	997	1006	1000	1000	1128	995	997	1000	1094	1007	999	1005	984	1517	1004	1000	999	993	1004	1001	1001	1000	995	1001	87	1001	1009	1010	1001	1001	1007	997
ERR024904	1535	1526	1534	1534	1536	1535	1535	1535	1535	1535	1534	1535	1535	1533	1535	1535	1535	1535	1532	1535	1535	1535	1535	1533	0	1508	1535	1535	1529	1534	1508	1517	1535	1534	1528	1535	1534	1531	1536	1529	1535	1535	1535	1535	1536	1535	1534	1534	1535	1535	1534	1534	1528	1535	1524	1535	1535	1534	1535	1532	1535	1535	1535	1535	1535	1535	1535	1534	1535	1535	1535	1533	1535	1534	1535	1533	1535	1528	1535	1535	1535	1532	1535	1535	1535	1527	1535	1535	1535	1535	1532	1535	1536	1535	1534	1518	1535	1535	1533	1536	1535	1535	1535	1535	1533	1529	1535	1533	1534	1063	1534	1535	1535	1535	1533	1535	1535	1535	1535	1534	1527	1535	1535	1535	1535	1533	1530	1535	1534	1535	1535	1535	1529	1534	1534	1535	1534	1535	1535	1536	1534	1083	1535	1535	1535	1534	1535	1535	1535	1535	1533	1535	1533	1535	1533	1536	1535	1535	1533	1534
ERR028208	1047	1279	1277	1277	1159	1045	1025	1046	1046	1045	1272	1047	1047	1201	1048	1040	1046	1048	1305	1048	1049	1049	1049	1284	1508	0	1046	1048	1268	1278	1476	1301	1044	1276	962	1046	1275	1303	1158	1288	1047	1048	1049	1048	1024	1049	1311	1274	1049	1048	1045	1274	1188	1047	1221	1048	1049	1315	1043	1310	1045	1052	1047	1041	1045	1050	1046	1284	1052	1050	1041	1204	1046	1279	1048	1198	1044	1154	1053	1048	1044	1048	1021	1050	1048	1332	1046	1048	1044	1047	1317	1048	1161	1048	1274	1066	1046	1045	1199	1160	1049	1047	1048	1050	1282	1193	1047	1156	1314	1520	1278	1046	1044	1043	1191	1049	1046	1044	1049	1277	1491	1042	1047	1041	1047	1197	1301	1046	1276	1049	1048	1044	1327	1277	1277	1049	1313	1023	1048	1158	1270	1511	1052	1048	1050	1277	1049	1047	1046	1048	1278	1045	1276	1045	1197	1158	1044	1047	1202	1274
ERR1414035	3	1115	1012	1005	580	267	62	4	2	5	998	5	1	839	2	8	2	4	1083	2	3	3	3	1000	1535	1046	0	2	1003	988	1507	1086	6	1006	89	6	1009	1107	578	1111	5	4	3	4	66	3	1103	1008	39	2	3	1009	1126	5	1094	6	3	1106	7	1084	5	35	3	7	6	4	41	1001	37	4	5	842	2	996	2	842	6	864	38	4	8	32	66	37	2	1130	4	6	6	3	1109	2	579	4	1003	1258	4	3	840	579	3	3	5	4	998	851	5	587	1103	1531	1006	4	4	7	842	3	4	2	3	988	1473	8	6	7	5	843	1087	2	1007	38	2	4	1146	1007	1007	5	1102	23	4	581	988	1518	37	2	4	1005	32	3	4	2	1008	5	999	5	838	579	8	3	835	1008
ERR1414033	3	1114	1011	1004	578	265	64	4	2	5	996	3	3	837	0	10	4	2	1081	2	1	1	1	999	1535	1048	2	0	1001	986	1507	1085	6	1007	91	4	1008	1106	578	1110	3	2	3	2	68	1	1104	1008	37	2	3	1010	1124	3	1092	4	1	1107	7	1082	5	33	3	9	6	2	41	1000	35	2	7	840	4	994	2	840	6	862	37	2	6	30	68	37	2	1128	4	4	6	3	1108	0	577	4	1005	1260	4	5	842	577	1	3	3	2	997	849	3	585	1102	1531	1006	4	6	7	844	1	4	4	1	986	1473	8	6	9	5	841	1085	2	1008	38	2	6	1144	1006	1008	3	1102	25	2	579	988	1518	35	2	2	1005	33	3	4	2	1007	5	998	5	838	579	6	3	835	1010
SRR1922797	1001	1081	982	976	1005	999	1009	1001	1003	1000	300	999	1003	1002	1001	1003	1002	1000	1055	1002	1001	1001	1001	1000	1529	1268	1003	1001	0	310	1497	1059	1001	977	1019	999	975	1072	1004	1072	1000	1001	1001	1001	1009	1001	1067	976	1003	1002	1003	977	1084	1000	1037	999	1001	1076	1000	1039	999	1003	1002	1003	1001	1000	1004	1003	1003	1000	1002	1000	1002	303	1002	998	1000	1014	1006	1000	1001	1006	1008	1005	1002	1077	1000	1001	1002	1001	1074	1001	1002	1002	973	1216	1000	1002	1008	1002	1001	1001	1001	1000	996	1011	999	1013	1069	1524	977	1000	1002	1002	1002	1001	1002	1002	1001	312	1462	1001	1002	1002	1000	996	1026	1002	979	1003	1002	1004	1126	976	978	1001	1068	1002	1001	1002	315	1511	1003	1002	1000	977	1005	1001	1000	1002	976	999	998	1000	1000	1009	1001	1001	1003	975
SRR1922796	988	1071	959	953	993	987	998	988	988	989	160	988	988	992	986	990	988	986	1045	987	986	986	986	979	1534	1278	988	986	310	0	1502	1058	988	956	1008	987	957	1060	991	1061	987	986	986	986	999	986	1058	957	986	987	988	959	1072	987	1031	986	986	1063	989	1037	989	987	987	990	988	985	988	984	986	985	989	990	989	157	987	992	988	1009	989	987	988	989	997	988	987	1069	988	986	989	988	1061	986	989	987	953	1225	988	989	1000	990	986	988	986	985	976	1002	987	999	1057	1527	953	988	989	989	995	986	987	989	986	4	1462	990	989	991	987	991	1016	987	960	988	987	989	1115	954	956	986	1057	991	986	991	12	1513	986	987	985	954	988	988	988	987	954	988	979	988	996	997	988	988	994	959
ERR024901	1507	1494	1510	1510	1506	1506	1506	1506	1508	1507	1501	1507	1507	1499	1507	1507	1507	1507	1500	1507	1507	1507	1507	1499	1508	1476	1507	1507	1497	1502	0	1495	1506	1510	1505	1506	1511	1503	1506	1496	1507	1507	1507	1507	1506	1507	1506	1511	1506	1507	1507	1511	1489	1506	1479	1507	1507	1506	1507	1498	1507	1507	1507	1508	1507	1507	1506	1498	1507	1507	1506	1499	1507	1500	1507	1499	1507	1487	1507	1507	1508	1505	1506	1508	1507	1485	1507	1508	1507	1507	1505	1507	1506	1507	1510	1435	1507	1506	1499	1506	1507	1507	1507	1507	1497	1496	1507	1503	1506	1517	1510	1507	1506	1506	1499	1507	1506	1507	1507	1502	1310	1506	1508	1507	1507	1499	1497	1506	1511	1507	1507	1507	1472	1510	1510	1507	1506	1506	1507	1506	1503	1510	1507	1507	1507	1510	1507	1507	1507	1507	1509	1507	1497	1507	1499	1506	1508	1507	1499	1511
ERR024907	1087	1121	1036	1032	1090	1073	1099	1088	1085	1088	1071	1087	1086	1080	1085	1088	1086	1085	894	1086	1085	1085	1085	1074	1517	1301	1086	1085	1059	1058	1495	0	1088	1035	1098	1087	1031	1117	1090	1117	1086	1085	1086	1085	1101	1085	1121	1032	1087	1086	1086	1034	885	1087	920	1086	1085	1122	1087	907	1088	1087	1086	1086	1088	1085	1088	1070	1086	1085	1088	1081	1087	1068	1086	1084	1086	1087	1088	1086	1085	1084	1096	1086	1086	953	1087	1084	1088	1087	1121	1085	1090	1087	1033	1166	1087	1088	1087	1090	1085	1087	1085	1085	1062	1093	1086	1093	1121	1512	1034	1087	1088	1089	1087	1085	1088	1087	1085	1059	1458	1090	1087	1089	1087	1083	870	1087	1032	1088	1086	1087	954	1034	1035	1086	1120	1091	1085	1091	1061	1501	1086	1086	1085	1032	1088	1087	1087	1086	1033	1087	1064	1087	1085	1091	1085	1087	1083	1033
ERR1414060	5	1116	1013	1006	579	269	60	4	6	3	996	5	5	839	6	10	6	6	1083	4	5	5	5	1001	1535	1044	6	6	1001	988	1506	1088	0	1005	87	4	1008	1108	578	1111	7	6	5	4	68	5	1104	1008	35	4	7	1008	1126	3	1093	4	5	1107	9	1084	5	37	3	9	6	6	39	1001	39	6	7	842	6	996	4	840	6	864	41	4	8	34	66	39	4	1130	4	6	4	5	1110	6	579	6	1005	1258	4	3	842	578	5	3	5	6	999	851	5	587	1104	1531	1008	6	6	3	842	5	6	6	5	986	1473	6	6	9	5	841	1086	4	1006	36	4	8	1146	1006	1007	7	1104	23	6	580	985	1518	39	4	6	1007	37	3	4	4	1009	5	1000	3	836	579	8	5	835	1008
ERR1413989	1007	1047	25	6	1002	953	1014	1007	1007	1006	974	1007	1006	858	1007	1007	1006	1007	1033	1006	1007	1007	1007	996	1534	1276	1006	1007	977	956	1510	1035	1005	0	1022	1006	96	1033	1001	1037	1008	1007	1007	1007	1017	1007	1030	96	1010	1006	1007	95	1044	1006	1041	1007	1007	1034	1007	1031	1006	1011	1006	1006	1007	1008	1009	996	1010	1008	1007	859	1007	973	1006	859	1006	883	1010	1006	1009	1011	1015	1010	1006	1060	1005	1009	1005	1007	1036	1007	1003	1008	48	1226	1005	1005	862	1000	1007	1005	1007	1008	994	872	1006	1007	1033	1529	10	1007	1007	1005	859	1007	1007	1005	1007	954	1473	1006	1008	1007	1006	859	1025	1006	93	1008	1006	1006	1099	7	3	1008	1030	1008	1007	1003	955	1515	1010	1006	1008	6	1008	1005	1005	1006	36	1005	995	1005	858	1005	1007	1007	857	95
ERR1414055	90	1126	1030	1023	624	333	124	89	89	88	1011	90	90	869	91	89	91	93	1098	91	92	92	92	1019	1528	962	89	91	1019	1008	1505	1098	87	1022	0	91	1025	1122	623	1124	92	93	92	91	135	92	1117	1022	119	91	88	1022	1135	90	1098	91	92	1123	90	1100	88	121	90	90	91	93	119	1019	123	93	86	872	89	1017	91	867	89	890	124	91	91	116	129	121	91	1147	91	91	89	90	1126	91	625	93	1018	1217	91	88	868	624	92	90	91	93	1016	881	92	633	1119	1527	1024	89	87	86	865	92	89	87	92	1006	1475	87	91	88	92	867	1101	89	1023	120	91	89	1162	1023	1023	92	1118	94	91	624	1003	1515	123	91	93	1023	118	90	91	91	1025	92	1016	90	863	624	91	90	865	1022
ERR1414048	5	1115	1012	1005	578	265	62	4	6	5	995	3	5	839	4	12	6	4	1082	4	3	3	3	1000	1535	1046	6	4	999	987	1506	1087	4	1006	91	0	1007	1107	580	1110	5	4	5	4	66	3	1105	1007	37	4	7	1009	1125	1	1092	4	3	1108	7	1083	5	35	5	9	8	4	43	1001	37	4	9	842	6	995	4	840	6	864	39	2	8	32	68	39	4	1129	2	6	6	5	1109	4	578	6	1006	1260	2	3	844	577	3	3	5	4	998	851	3	586	1103	1531	1007	6	6	5	844	3	6	6	3	985	1473	6	6	9	5	839	1085	4	1007	38	4	8	1145	1005	1008	5	1103	23	4	579	987	1518	37	4	4	1006	37	3	4	4	1008	3	999	5	838	580	6	5	837	1009
ERR1413981	1010	1042	106	98	1006	955	1016	1010	1010	1009	973	1008	1009	861	1008	1010	1008	1007	1025	1009	1008	1008	1008	995	1534	1275	1009	1008	975	957	1511	1031	1008	96	1025	1007	0	1028	1007	1033	1009	1008	1010	1008	1019	1008	1028	12	1011	1009	1010	14	1046	1007	1033	1008	1008	1033	1008	1024	1009	1012	1009	1009	1010	1009	1011	995	1011	1009	1010	861	1010	972	1009	862	1007	888	1011	1007	1010	1011	1017	1013	1009	1052	1008	1010	1008	1010	1032	1008	1008	1011	101	1229	1008	1008	868	1004	1008	1008	1008	1009	992	877	1006	1012	1030	1530	101	1010	1010	1008	864	1008	1010	1008	1008	955	1475	1009	1011	1010	1009	862	1016	1009	12	1011	1009	1009	1098	97	99	1009	1027	1010	1008	1007	959	1515	1011	1009	1009	97	1011	1008	1007	1009	92	1007	993	1007	865	1011	1008	1010	865	9
ERR024894	1107	80	1031	1030	1103	1088	1118	1107	1107	1108	1068	1107	1107	1090	1106	1108	1107	1106	1081	1107	1106	1106	1106	1093	1531	1303	1107	1106	1072	1060	1503	1117	1108	1033	1122	1107	1028	0	1100	69	1106	1106	1107	1106	1121	1106	48	1029	1111	1107	1108	1030	1114	1107	1086	1107	1106	89	1107	1086	1108	1110	1107	1108	1107	1106	1112	1089	1111	1106	1107	1090	1107	1065	1107	1092	1107	1097	1110	1107	1106	1109	1121	1112	1107	1134	1108	1106	1109	1107	48	1106	1099	1108	1028	1239	1108	1108	1093	1099	1106	1108	1106	1106	1087	1093	1107	1099	50	1521	1030	1107	1107	1109	1094	1106	1108	1108	1106	1061	1471	1109	1109	1109	1108	1092	1098	1107	1029	1113	1107	1108	1149	1032	1033	1107	46	1112	1106	1099	1064	1518	1111	1107	1106	1030	1110	1108	1108	1107	1028	1108	1088	1108	1094	1107	1107	1107	1093	1030
ERR1414091	579	1109	1008	1001	21	616	598	579	578	578	999	580	579	822	578	580	580	580	1099	578	579	579	579	1004	1536	1158	578	578	1004	991	1506	1090	578	1001	623	580	1007	1100	0	1106	580	579	579	578	596	579	1095	1007	581	578	579	1007	1121	579	1101	579	579	1097	581	1097	580	581	577	580	578	580	580	1002	581	580	578	827	580	997	578	828	580	855	586	579	580	582	600	581	578	1127	579	580	580	579	1101	578	17	580	999	1257	579	579	829	14	579	578	579	580	1002	841	580	58	1096	1531	1003	580	580	578	830	579	579	579	579	990	1475	580	581	581	579	827	1079	577	1005	579	578	580	1153	1002	1002	581	1095	587	579	6	990	1521	581	578	580	1002	581	578	579	578	1002	580	1003	578	823	21	580	579	820	1007
ERR024928	1111	100	1036	1035	1109	1094	1121	1111	1111	1111	1068	1110	1111	1095	1110	1112	1111	1110	1081	1111	1110	1110	1110	1099	1529	1288	1111	1110	1072	1061	1496	1117	1111	1037	1124	1110	1033	69	1106	0	1110	1110	1111	1110	1124	1110	77	1034	1115	1111	1112	1035	1109	1110	1082	1110	1110	114	1110	1091	1111	1114	1111	1111	1111	1110	1116	1095	1115	1110	1111	1095	1111	1066	1111	1096	1110	1098	1114	1110	1110	1110	1123	1116	1111	1138	1111	1110	1112	1111	77	1110	1105	1112	1033	1225	1111	1111	1098	1105	1110	1111	1110	1110	1093	1093	1110	1107	79	1521	1035	1111	1111	1112	1098	1110	1112	1111	1110	1061	1471	1112	1112	1112	1111	1096	1101	1111	1034	1116	1111	1112	1154	1036	1037	1111	76	1115	1110	1105	1064	1516	1115	1111	1110	1035	1114	1111	1111	1111	1032	1111	1093	1111	1098	1111	1110	1111	1098	1035
ERR1414084	2	1114	1012	1005	579	265	63	3	5	4	995	2	4	838	3	7	5	3	1082	3	2	2	2	1000	1535	1047	5	3	1000	987	1507	1086	7	1008	92	5	1009	1106	580	1110	0	3	4	3	67	2	1103	1009	38	3	6	1008	1126	4	1093	5	2	1107	4	1083	4	34	4	8	5	3	44	1001	36	3	6	841	3	995	3	839	7	863	38	3	3	31	67	38	3	1129	5	5	7	2	1108	3	578	5	1004	1260	5	6	841	578	2	4	4	3	998	850	4	586	1102	1531	1007	3	5	8	842	2	7	7	2	987	1473	7	7	6	4	840	1086	5	1009	39	3	5	1145	1007	1009	4	1102	24	3	577	986	1518	36	3	3	1006	36	4	5	3	1008	6	999	6	837	580	7	2	836	1009
ERR1414032	3	1114	1011	1004	578	265	64	4	4	5	995	3	3	838	2	8	4	2	1081	2	1	1	1	999	1535	1048	4	2	1001	986	1507	1085	6	1007	93	4	1008	1106	579	1110	3	0	3	2	70	1	1104	1008	37	2	5	1010	1125	3	1092	4	1	1107	7	1082	5	33	3	7	6	2	43	1000	35	2	9	841	4	994	2	841	4	863	37	2	6	30	68	37	2	1128	4	4	6	3	1108	2	577	4	1005	1261	4	5	841	577	1	3	3	2	997	850	3	585	1102	1531	1006	4	6	7	843	1	6	6	1	986	1473	6	6	9	5	842	1085	4	1008	38	2	6	1144	1006	1008	3	1102	25	2	579	988	1518	35	2	2	1005	35	3	4	2	1007	5	998	5	839	579	4	3	836	1010
ERR1414019	2	1115	1011	1006	580	266	65	3	3	4	998	4	2	839	3	9	3	3	1082	1	2	2	2	1000	1535	1049	3	3	1001	986	1507	1086	5	1007	92	5	1010	1107	579	1111	4	3	0	3	69	2	1103	1010	38	1	4	1010	1125	4	1093	3	2	1106	8	1083	4	34	2	8	5	1	42	1002	36	1	8	842	3	996	1	842	7	862	38	3	7	29	69	36	1	1129	3	3	5	2	1109	3	577	1	1005	1261	3	4	842	579	2	2	4	1	998	849	4	585	1104	1531	1008	3	5	6	844	2	3	5	2	988	1473	7	3	8	2	843	1086	3	1008	37	1	5	1145	1008	1006	2	1104	26	3	581	988	1518	36	1	1	1007	34	2	3	1	1007	4	999	4	838	579	7	2	835	1010
ERR1414067	3	1114	1011	1004	578	265	64	4	4	3	996	3	3	837	2	8	4	2	1081	2	1	1	1	999	1535	1048	4	2	1001	986	1507	1085	4	1007	91	4	1008	1106	578	1110	3	2	3	0	70	1	1104	1008	35	2	5	1010	1125	3	1092	2	1	1107	7	1082	5	33	1	9	4	2	41	1000	35	2	7	840	4	994	2	840	4	862	37	2	4	30	70	37	2	1128	4	2	6	3	1108	2	577	4	1005	1261	4	5	842	577	1	3	3	2	997	849	3	585	1102	1531	1006	4	6	5	844	1	6	6	1	986	1473	8	6	9	5	841	1085	4	1008	36	2	6	1144	1006	1008	3	1102	25	2	579	988	1518	35	2	2	1005	35	3	4	2	1007	5	998	3	838	579	6	3	835	1010
ERR1414099	67	1129	1025	1018	598	303	48	66	68	67	1004	67	67	861	68	64	66	68	1098	68	69	69	69	1016	1536	1024	66	68	1009	999	1506	1101	68	1017	135	66	1019	1121	596	1124	67	70	69	70	0	69	1115	1017	37	68	69	1016	1140	67	1106	70	69	1120	63	1100	67	41	69	65	68	70	33	1017	35	70	63	863	66	1008	68	857	70	886	56	68	68	79	26	35	68	1141	66	72	66	67	1123	68	597	70	1013	1250	66	65	858	595	69	67	70	70	1014	874	67	604	1117	1532	1019	68	64	65	854	69	66	66	69	997	1476	64	70	61	67	858	1096	66	1017	34	68	64	1159	1018	1019	69	1116	61	68	595	993	1519	35	68	70	1018	50	67	66	68	1021	65	1015	67	852	598	68	67	857	1016
ERR1414047	2	1114	1011	1004	578	264	65	3	3	4	996	2	2	837	1	9	3	1	1081	1	0	0	0	999	1535	1049	3	1	1001	986	1507	1085	5	1007	92	3	1008	1106	579	1110	2	1	2	1	69	0	1104	1008	36	1	4	1010	1125	2	1092	3	0	1107	6	1082	4	32	2	8	5	1	42	1000	34	1	8	840	3	994	1	840	5	862	36	1	5	29	69	36	1	1128	3	3	5	2	1108	1	577	3	1005	1261	3	4	842	577	0	2	2	1	997	849	2	585	1102	1531	1006	3	5	6	844	0	5	5	0	986	1473	7	5	8	4	841	1085	3	1008	37	1	5	1144	1006	1008	2	1102	26	1	579	988	1518	34	1	1	1005	34	2	3	1	1007	4	998	4	838	579	5	2	835	1010
ERR1413982	1102	89	1033	1029	1100	1087	1112	1102	1103	1103	1064	1104	1103	1085	1104	1103	1102	1103	1081	1103	1104	1104	1104	1096	1534	1311	1103	1104	1067	1058	1506	1121	1104	1030	1117	1105	1028	48	1095	77	1103	1104	1103	1104	1115	1104	0	1029	1109	1103	1104	1027	1123	1105	1093	1105	1104	83	1104	1090	1103	1108	1103	1104	1102	1104	1107	1090	1109	1104	1102	1085	1102	1062	1103	1086	1105	1103	1109	1105	1103	1110	1114	1108	1103	1137	1104	1104	1105	1102	52	1104	1096	1104	1024	1247	1104	1104	1084	1096	1104	1104	1104	1104	1092	1092	1104	1101	12	1524	1030	1102	1102	1105	1086	1104	1104	1104	1104	1059	1471	1104	1105	1104	1104	1086	1101	1103	1027	1109	1103	1104	1148	1032	1030	1105	13	1105	1104	1095	1058	1518	1109	1103	1104	1030	1106	1104	1103	1103	1029	1103	1094	1103	1085	1102	1105	1102	1086	1027
ERR1413987	1010	1044	107	98	1006	955	1014	1010	1010	1009	972	1008	1008	862	1008	1008	1008	1008	1025	1009	1008	1008	1008	996	1534	1274	1008	1008	976	957	1511	1032	1008	96	1022	1007	12	1029	1007	1034	1009	1008	1010	1008	1017	1008	1029	0	1011	1009	1010	12	1045	1007	1034	1008	1008	1033	1006	1024	1009	1012	1009	1007	1010	1009	1011	995	1011	1009	1008	862	1009	972	1009	862	1006	890	1011	1007	1010	1012	1015	1013	1009	1052	1008	1010	1007	1010	1033	1008	1008	1011	101	1227	1008	1007	869	1004	1008	1008	1008	1009	993	879	1007	1012	1030	1530	100	1010	1008	1007	862	1008	1010	1007	1008	955	1475	1007	1011	1007	1009	863	1018	1009	11	1011	1009	1006	1098	98	99	1009	1026	1009	1007	1007	958	1515	1011	1009	1009	96	1011	1008	1008	1009	93	1008	994	1008	867	1011	1007	1010	866	10
ERR1414083	38	1119	1014	1007	582	277	47	37	39	38	997	38	38	840	37	43	39	37	1086	37	36	36	36	1004	1535	1049	39	37	1003	986	1506	1087	35	1010	119	37	1011	1111	581	1115	38	37	38	35	37	36	1109	1011	0	37	40	1013	1127	36	1096	37	36	1112	42	1087	40	8	36	44	39	37	6	1004	4	37	40	843	39	995	37	843	39	865	24	37	39	46	35	6	37	1131	39	37	39	38	1113	37	580	39	1008	1259	39	38	845	580	36	38	36	37	1002	853	38	588	1107	1531	1009	39	39	38	847	36	39	41	36	986	1473	41	41	44	40	844	1085	37	1011	5	37	41	1146	1009	1011	38	1107	58	37	582	987	1518	4	37	37	1008	22	38	39	37	1010	40	1003	38	841	583	41	38	838	1013
ERR1414028	1	1115	1012	1005	579	265	64	2	2	3	997	3	1	838	2	8	2	2	1082	0	1	1	1	1000	1535	1048	2	2	1002	987	1507	1086	4	1006	91	4	1009	1107	578	1111	3	2	1	2	68	1	1103	1009	37	0	3	1009	1126	3	1093	4	1	1106	7	1083	3	33	1	7	4	2	41	1001	35	2	7	841	2	995	0	841	6	863	37	2	6	30	68	35	0	1129	2	4	4	1	1109	2	578	2	1004	1260	2	3	841	578	1	1	3	2	998	850	3	586	1103	1531	1007	2	4	5	843	1	4	4	1	987	1473	6	4	7	3	842	1086	2	1007	36	0	4	1145	1007	1007	3	1103	25	2	580	987	1518	35	0	2	1006	33	1	2	0	1008	3	999	3	837	578	6	1	834	1009
ERR1414074	4	1116	1013	1006	581	268	63	5	3	6	998	6	4	839	3	11	5	5	1082	3	4	4	4	1002	1534	1045	3	3	1003	988	1507	1086	7	1007	88	7	1010	1108	579	1112	6	5	4	5	69	4	1104	1010	40	3	0	1010	1127	6	1092	7	4	1107	10	1083	6	36	4	10	7	5	42	1003	38	5	8	842	5	996	3	842	9	865	40	5	9	33	69	38	3	1130	5	7	7	4	1110	3	580	5	1005	1257	5	6	843	580	4	4	6	5	1000	852	6	587	1104	1531	1008	5	7	8	844	4	5	5	4	988	1473	9	7	10	6	841	1088	3	1008	39	3	7	1145	1008	1008	6	1104	24	5	582	988	1518	38	3	5	1007	34	4	5	3	1009	6	1001	6	839	580	9	4	836	1010
ERR1414092	1008	1045	108	99	1008	958	1013	1008	1010	1007	973	1008	1009	865	1010	1006	1009	1010	1027	1009	1010	1010	1010	999	1534	1274	1009	1010	977	959	1511	1034	1008	95	1022	1009	14	1030	1007	1035	1008	1010	1010	1010	1016	1010	1027	12	1013	1009	1010	0	1048	1009	1036	1010	1010	1032	1007	1026	1007	1014	1009	1008	1008	1011	1012	998	1013	1011	1007	865	1008	974	1009	864	1009	892	1013	1009	1009	1014	1014	1013	1009	1054	1008	1012	1008	1008	1034	1010	1010	1011	98	1228	1008	1008	869	1006	1010	1008	1010	1011	996	881	1009	1014	1031	1530	103	1008	1008	1007	862	1010	1009	1008	1010	957	1475	1007	1011	1007	1008	864	1021	1009	10	1011	1009	1008	1099	99	98	1010	1028	1007	1010	1005	955	1515	1013	1009	1011	99	1011	1008	1008	1009	94	1008	997	1008	864	1011	1010	1008	867	11
ERR027411	1127	1103	1042	1041	1123	1103	1138	1126	1126	1128	1082	1127	1127	1076	1124	1129	1127	1125	928	1126	1125	1125	1125	1085	1528	1188	1126	1124	1084	1072	1489	885	1126	1044	1135	1125	1046	1114	1121	1109	1126	1125	1125	1125	1140	1125	1123	1045	1127	1126	1127	1048	0	1125	909	1125	1125	1125	1128	935	1128	1128	1126	1129	1127	1124	1127	1089	1128	1124	1126	1077	1128	1077	1126	1080	1127	1055	1131	1126	1127	1122	1139	1130	1126	967	1127	1125	1128	1127	1121	1124	1118	1124	1045	1102	1127	1127	1083	1120	1125	1127	1125	1124	1081	1074	1126	1120	1124	1512	1041	1127	1127	1127	1081	1125	1124	1127	1125	1075	1459	1128	1127	1130	1126	1080	895	1124	1047	1130	1126	1128	1034	1043	1043	1125	1122	1131	1125	1122	1079	1511	1128	1126	1124	1041	1129	1127	1127	1126	1043	1127	1080	1127	1081	1125	1127	1127	1079	1049
ERR1414010	4	1115	1012	1005	577	266	63	3	5	4	995	2	4	838	3	11	5	3	1082	3	2	2	2	1000	1535	1047	5	3	1000	987	1506	1087	3	1006	90	1	1007	1107	579	1110	4	3	4	3	67	2	1105	1007	36	3	6	1009	1125	0	1092	3	2	1108	6	1083	4	34	4	8	7	3	42	1001	36	3	8	841	5	995	3	839	5	863	38	1	7	31	67	38	3	1129	3	5	5	4	1109	3	577	5	1006	1260	3	2	843	576	2	2	4	3	998	850	2	585	1103	1531	1007	5	5	4	843	2	5	5	2	985	1473	5	5	8	4	840	1085	3	1007	37	3	7	1145	1005	1008	4	1103	24	3	578	987	1518	36	3	3	1006	36	2	3	3	1008	4	999	4	837	579	5	4	836	1009
ERR024920	1094	1069	1041	1039	1101	1079	1102	1094	1094	1094	1045	1093	1094	1068	1092	1096	1093	1091	374	1093	1092	1092	1092	1071	1524	1221	1094	1092	1037	1031	1479	920	1093	1041	1098	1092	1033	1086	1101	1082	1093	1092	1093	1092	1106	1092	1093	1034	1096	1093	1092	1036	909	1092	0	1092	1092	1097	1094	309	1093	1097	1093	1095	1094	1092	1096	1069	1096	1092	1095	1072	1095	1041	1093	1073	1092	1062	1097	1092	1094	1090	1103	1098	1093	856	1093	1093	1094	1094	1094	1092	1098	1092	1038	1128	1093	1094	1075	1099	1092	1093	1092	1092	1065	1071	1091	1099	1094	1521	1041	1093	1095	1094	1075	1092	1094	1094	1092	1032	1456	1095	1095	1096	1093	1072	864	1093	1036	1097	1093	1095	890	1038	1042	1093	1093	1095	1092	1101	1036	1512	1096	1093	1092	1038	1097	1093	1092	1093	1040	1092	1061	1092	1072	1102	1093	1094	1072	1034
ERR1414059	5	1115	1011	1006	578	267	64	6	6	3	996	3	5	839	4	10	6	4	1081	4	3	3	3	1000	1535	1048	6	4	999	986	1507	1086	4	1007	91	4	1008	1107	579	1110	5	4	3	2	70	3	1105	1008	37	4	7	1010	1125	3	1092	0	3	1108	7	1082	5	35	3	9	6	2	43	1002	37	2	9	842	6	996	4	840	4	862	39	2	6	30	70	39	4	1128	4	2	6	5	1109	4	576	4	1007	1262	4	5	844	577	3	3	5	2	998	849	3	584	1104	1531	1008	6	8	5	844	3	6	6	3	986	1473	8	4	9	3	841	1085	6	1008	36	4	8	1144	1006	1007	3	1104	25	4	579	988	1518	37	4	2	1007	37	3	4	4	1007	5	999	3	838	580	6	5	837	1010
ERR1414057	2	1114	1011	1004	578	264	65	3	3	4	996	2	2	837	1	9	3	1	1081	1	0	0	0	999	1535	1049	3	1	1001	986	1507	1085	5	1007	92	3	1008	1106	579	1110	2	1	2	1	69	0	1104	1008	36	1	4	1010	1125	2	1092	3	0	1107	6	1082	4	32	2	8	5	1	42	1000	34	1	8	840	3	994	1	840	5	862	36	1	5	29	69	36	1	1128	3	3	5	2	1108	1	577	3	1005	1261	3	4	842	577	0	2	2	1	997	849	2	585	1102	1531	1006	3	5	6	844	0	5	5	0	986	1473	7	5	8	4	841	1085	3	1008	37	1	5	1144	1006	1008	2	1102	26	1	579	988	1518	34	1	1	1005	34	2	3	1	1007	4	998	4	838	579	5	2	835	1010
ERR1413984	1106	127	1037	1033	1101	1092	1116	1106	1106	1107	1071	1108	1106	1088	1107	1107	1106	1107	1083	1106	1107	1107	1107	1099	1534	1315	1106	1107	1076	1063	1506	1122	1107	1034	1123	1108	1033	89	1097	114	1107	1107	1106	1107	1120	1107	83	1033	1112	1106	1107	1032	1125	1108	1097	1108	1107	0	1108	1092	1107	1111	1106	1107	1106	1107	1111	1093	1112	1107	1106	1088	1106	1068	1106	1090	1108	1106	1112	1108	1107	1114	1120	1111	1106	1139	1107	1107	1108	1106	90	1107	1098	1107	1028	1253	1107	1107	1089	1098	1107	1107	1107	1107	1095	1095	1108	1103	86	1525	1034	1106	1106	1108	1090	1107	1107	1107	1107	1064	1472	1108	1108	1108	1107	1090	1107	1106	1031	1112	1106	1107	1153	1036	1034	1108	84	1110	1107	1098	1064	1518	1112	1106	1107	1034	1109	1107	1107	1106	1032	1107	1097	1107	1090	1103	1108	1106	1089	1033
ERR1414079	6	1115	1013	1006	579	268	59	7	9	6	995	4	6	841	7	5	7	7	1083	7	6	6	6	1001	1535	1043	7	7	1000	989	1507	1087	9	1007	90	7	1008	1107	581	1110	4	7	8	7	63	6	1104	1006	42	7	10	1007	1128	6	1094	7	6	1108	0	1084	6	38	8	4	7	7	46	1002	40	7	6	844	5	997	7	839	7	866	41	5	5	35	63	42	7	1130	7	9	9	6	1109	7	579	9	1004	1259	7	6	842	578	6	6	7	7	999	853	6	587	1103	1531	1007	7	5	8	840	6	11	7	6	987	1473	7	9	4	6	841	1087	9	1007	41	7	5	1146	1006	1009	8	1102	20	5	577	986	1518	40	7	7	1006	39	6	7	7	1009	8	1000	8	838	581	5	6	839	1007
ERR024910	1084	1091	1031	1029	1097	1066	1095	1085	1084	1084	1043	1083	1084	1062	1082	1086	1084	1082	232	1083	1082	1082	1082	1063	1532	1310	1084	1082	1039	1037	1498	907	1084	1031	1100	1083	1024	1086	1097	1091	1083	1082	1083	1082	1100	1082	1090	1024	1087	1083	1083	1026	935	1083	309	1082	1082	1092	1084	0	1084	1087	1083	1085	1084	1082	1088	1062	1086	1082	1086	1064	1085	1039	1083	1065	1083	1079	1087	1082	1084	1082	1098	1088	1083	831	1083	1083	1084	1084	1092	1082	1095	1083	1026	1166	1083	1085	1070	1095	1082	1083	1082	1082	1057	1076	1082	1098	1089	1520	1032	1084	1086	1085	1067	1082	1085	1084	1082	1037	1449	1086	1085	1086	1083	1064	863	1084	1026	1087	1083	1085	889	1029	1031	1083	1088	1089	1082	1097	1041	1515	1086	1083	1082	1029	1087	1083	1083	1083	1028	1083	1060	1083	1067	1100	1083	1084	1066	1025
